 TABLA DE VARIACIONES DE PRESION
      kpa         270         300         350
   1.00000000       2196.17993       2440.19995       2846.89990    
   101.000000       21.7443562       24.1603947       28.1871281    
   201.000000       10.9262686       12.1402979       14.1636810    
   301.000000       7.29627895       8.10697651       9.45813942    
   401.000000       5.47675800       6.08528662       7.09950113    
   501.000000       4.38359261       4.87065840       5.68243504    
   601.000000       3.65420961       4.06023264       4.73693848    
   701.000000       3.13292432       3.48102713       4.06119823    
   801.000000       2.74179769       3.04644179       3.55418205    
   901.000000       2.43749166       2.70832396       3.15971136    
   1001.00000       2.19398594       2.43776226       2.84405589    
