-0.01    -8133.721337336593
-0.009797979797979799    -9274.804791845138
-0.009595959595959595    -10272.641466013287
-0.009393939393939394    -8702.020945514107
-0.009191919191919192    -10099.584666600247
-0.00898989898989899    -9679.093631590891
-0.008787878787878787    -6905.8733138570915
-0.008585858585858586    -9419.704960917805
-0.008383838383838384    -10416.86229342991
-0.008181818181818182    -8662.734898729106
-0.00797979797979798    -6309.47111398472
-0.0077777777777777776    -7539.270032141385
-0.007575757575757576    -8111.942794336979
-0.0073737373737373735    -7885.194089287814
-0.007171717171717171    -5887.714659448904
-0.0069696969696969695    -6029.031570524954
-0.006767676767676768    -6867.699976244943
-0.0065656565656565654    -7138.786184642421
-0.006363636363636363    -7044.79578494744
-0.006161616161616161    -7239.966596250059
-0.005959595959595959    -7415.941248968686
-0.005757575757575757    -4445.062830104616
-0.005555555555555555    -5575.848106375008
-0.005353535353535353    -5911.959964279028
-0.005151515151515151    -6194.458245539992
-0.004949494949494949    -3907.315108704974
-0.004747474747474747    -3769.5335196519814
-0.004545454545454545    -4543.194282710969
-0.004343434343434343    -4918.256563186498
-0.004141414141414141    -4606.77650341829
-0.003939393939393939    -3741.2890934515585
-0.003737373737373737    -4377.307014134824
-0.0035353535353535347    -3307.5899150449127
-0.0033333333333333322    -2797.1719994535306
-0.0031313131313131307    -2608.160497005116
-0.002929292929292928    -2464.2915635406234
-0.0027272727272727266    -2288.863754862193
-0.002525252525252524    -3038.6167246838304
-0.0023232323232323226    -1935.0116263057953
-0.002121212121212121    -2649.66623382691
-0.0019191919191919177    -1830.8613654604696
-0.001717171717171716    -1779.534359390342
-0.0015151515151515145    -1866.922124370515
-0.001313131313131313    -1515.8118375945824
-0.0011111111111111096    -1001.4383004458581
-0.000909090909090908    -1059.931387737715
-0.0007070707070707064    -838.4214033426981
-0.0005050505050505048    -500.85085070852193
-0.0003030303030303015    -370.41918667679056
-0.00010101010101009993    -111.57720971327632
0.00010101010101010166    120.18179169089339
0.000303030303030305    252.33984163983294
0.0005050505050505066    492.48897364952813
0.0007070707070707082    641.5071445292137
0.0009090909090909097    784.2606070619083
0.001111111111111113    965.3792578972384
0.0013131313131313146    1538.7496316101785
0.0015151515151515162    1631.7343455260975
0.0017171717171717178    1346.1750157459148
0.0019191919191919211    1614.8735210406983
0.0021212121212121227    2273.808395449183
0.0023232323232323243    2545.069312292207
0.002525252525252526    2902.330044356331
0.0027272727272727292    3014.4785582798745
0.002929292929292931    2394.6673718922493
0.0031313131313131324    2446.112899092094
0.0033333333333333357    2526.7674837946875
0.0035353535353535373    3276.211136723192
0.003737373737373739    4336.878660483776
0.0039393939393939405    3403.167793887421
0.004141414141414144    3107.6130372942257
0.004343434343434345    3416.857547208485
0.004545454545454547    5605.541405358265
0.0047474747474747486    5347.5844608398365
0.004949494949494952    4389.583522781107
0.0051515151515151535    5557.520266649417
0.005353535353535355    5125.0850715910265
0.005555555555555557    4876.579440656837
0.005757575757575758    6608.960164069311
0.0059595959595959615    5623.750318391688
0.006161616161616165    7213.476425344627
0.006363636363636365    7775.2168362538705
0.006565656565656568    7809.032350844146
0.006767676767676771    6293.022953000031
0.006969696969696971    6005.987299666512
0.0071717171717171745    7861.01139658916
0.007373737373737374    8811.677066509466
0.007575757575757578    6716.883005299571
0.007777777777777781    7464.726763646192
0.007979797979797981    6248.3378772564565
0.008181818181818184    8344.612251826245
0.008383838383838388    6886.172375109657
0.008585858585858587    10701.12180766279
0.00878787878787879    7732.624655034926
0.00898989898989899    10875.77198015707
0.009191919191919194    9597.05561717698
0.009393939393939397    10839.993574729187
0.009595959595959597    11899.822489787459
0.0097979797979798    11227.204431320402
0.010000000000000004    11399.39191367993