   0.00000000       1.00000000      0.999583364    
   5.00000007E-02  0.998750269      0.997085035    
  0.100000001      0.995004177      0.992094398    
  0.150000006      0.988771081      0.984623730    
  0.200000003      0.980066597      0.974692702    
  0.250000000      0.968912423      0.962325037    
  0.300000012      0.955336511      0.947552323    
  0.350000024      0.939372718      0.930410624    
  0.400000036      0.921060979      0.910944343    
  0.450000048      0.900447071      0.889199972    
  0.500000060      0.877582550      0.865234733    
  0.550000072      0.852524459      0.839104652    
  0.600000083      0.825335562      0.810878277    
  0.650000095      0.796083748      0.780626535    
  0.700000107      0.764842093      0.748420954    
  0.750000119      0.731688797      0.714347363    
  0.800000131      0.696706593      0.678485632    
  0.850000143      0.659983039      0.640929937    
  0.900000155      0.621609867      0.601772070    
  0.950000167      0.581682980      0.561109781    
   1.00000012      0.540302217      0.519043207    
   1.05000007      0.497570992      0.475683212    
   1.10000002      0.453596085      0.431131124    
   1.14999998      0.408487469      0.385502577    
   1.19999993      0.362357825      0.338909626    
   1.24999988      0.315322489      0.291471481    
   1.29999983      0.267499000      0.243303776    
   1.34999979      0.219006896      0.194526911    
   1.39999974      0.169967398      0.145266056    
   1.44999969      0.120503075       9.56392288E-02
   1.49999964       7.07375556E-02   4.57763672E-02
   1.54999959       2.07952335E-02  -4.20331955E-03
   1.59999955      -2.91990694E-02  -5.41698933E-02
   1.64999950      -7.91203901E-02 -0.104004145    
   1.69999945     -0.128843948     -0.153576136    
   1.74999940     -0.178245470     -0.202765465    
   1.79999936     -0.227201462     -0.251448154    
   1.84999931     -0.275589585     -0.299501419    
   1.89999926     -0.323288858     -0.346806049    
   1.94999921     -0.370180100     -0.393245220    
   1.99999917     -0.416146070     -0.438700914    
   2.04999924     -0.461072028     -0.483058691    
   2.09999919     -0.504845381     -0.526210070    
   2.14999914     -0.547356963     -0.568046570    
   2.19999909     -0.588500381     -0.608463287    
   2.24999905     -0.628172874     -0.647357702    
   2.29999900     -0.666275263     -0.684636831    
   2.34999895     -0.702712357     -0.720201731    
   2.39999890     -0.737392962     -0.753967762    
   2.44999886     -0.770230532     -0.785850286    
   2.49999881     -0.801142931     -0.815767050    
   2.54999876     -0.830052853     -0.843645334    
   2.59999871     -0.856888115     -0.869414806    
   2.64999866     -0.881581545     -0.893011689    
   2.69999862     -0.904071569     -0.914376378    
   2.74999857     -0.924301803     -0.933455229    
   2.79999852     -0.942221820     -0.950201750    
   2.84999847     -0.957786798     -0.964572132    
   2.89999843     -0.970957816     -0.976532400    
   2.94999838     -0.981701910     -0.986051559    
   2.99999833     -0.989992261     -0.993106067    
   3.04999828     -0.995808184     -0.997678578    
   3.09999824     -0.999135077     -0.999757171    
   3.14999819     -0.999964654     -0.999336958    
   3.19999814     -0.998294890     -0.996419132    
   3.24999809     -0.994129896     -0.991010487    
   3.29999804     -0.987480104     -0.983124971    
   3.34999800     -0.978362083     -0.972782075    
   3.39999795     -0.966798723     -0.960007906    
   3.44999790     -0.952818871     -0.944834352    
   3.49999785     -0.936457455     -0.927298665    
   3.54999781     -0.917755365     -0.907445550    
   3.59999776     -0.896759391     -0.885323882    
   3.64999771     -0.873521984     -0.860990286    
   3.69999766     -0.848101258     -0.834504366    
   3.74999762     -0.820560694     -0.805932283    
   3.79999757     -0.790969193     -0.775345564    
   3.84999752     -0.759400666     -0.742821693    
   3.89999747     -0.725934029     -0.708440542    
   3.94999743     -0.690652966     -0.672287941    
   3.99999738     -0.653645635     -0.634456873    
   4.04999733     -0.615004480     -0.595041513    
   4.09999752     -0.574826002     -0.554136038    
   4.14999771     -0.533210695     -0.511845350    
   4.19999790     -0.490262657     -0.468275547    
   4.24999809     -0.446089208     -0.423533916    
   4.29999828     -0.400800735     -0.377736092    
   4.34999847     -0.354510486     -0.330992937    
   4.39999866     -0.307334155     -0.283421278    
   4.44999886     -0.259389609     -0.235143900    
   4.49999905     -0.210796729     -0.186276436    
   4.54999924     -0.161676973     -0.136944056    
   4.59999943     -0.112153098      -8.72683525E-02
   4.64999962      -6.23488948E-02  -3.73768806E-02
   4.69999981      -1.23888543E-02   1.26087666E-02
   4.75000000       3.76021527E-02   6.25634193E-02
   4.80000019       8.74991715E-02  0.112363100    
   4.85000038      0.137177497      0.161879063    
   4.90000057      0.186512932      0.210992098    
   4.95000076      0.235382184      0.567092896    
