   0.00000000       1.00000000      0.999999881    
   8.72664619E-04  0.999999642      0.999999046    
   1.74532924E-03  0.999998450      0.999997616    
   2.61799386E-03  0.999996603      0.999995470    
   3.49065848E-03  0.999993920      0.999992013    
   4.36332310E-03  0.999990463      0.999988794    
   5.23598772E-03  0.999986291      0.999983430    
   6.10865233E-03  0.999981344      0.999978662    
   6.98131695E-03  0.999975622      0.999971747    
   7.85398111E-03  0.999969184      0.999965310    
   8.72664526E-03  0.999961913      0.999957860    
   9.59930941E-03  0.999953926      0.999948263    
   1.04719736E-02  0.999945164      0.999940753    
   1.13446377E-02  0.999935627      0.999930084    
   1.22173019E-02  0.999925375      0.999919415    
   1.30899660E-02  0.999914348      0.999907672    
   1.39626302E-02  0.999902546      0.999895930    
   1.48352943E-02  0.999889970      0.999882102    
   1.57079585E-02  0.999876618      0.999869287    
   1.65806226E-02  0.999862552      0.999854326    
   1.74532868E-02  0.999847710      0.999839365    
   1.83259510E-02  0.999832094      0.999824464    
   1.91986151E-02  0.999815702      0.999807358    
   2.00712793E-02  0.999798596      0.999788165    
   2.09439434E-02  0.999780655      0.999771059    
   2.18166076E-02  0.999761999      0.999751866    
   2.26892717E-02  0.999742627      0.999732673    
   2.35619359E-02  0.999722421      0.999711335    
   2.44346000E-02  0.999701500      0.999689996    
   2.53072642E-02  0.999679804      0.999668658    
   2.61799283E-02  0.999657333      0.999645174    
   2.70525925E-02  0.999634087      0.999621689    
   2.79252566E-02  0.999610126      0.999596059    
   2.87979208E-02  0.999585390      0.999572575    
   2.96705849E-02  0.999559879      0.999546945    
   3.05432491E-02  0.999533594      0.999519229    
   3.14159133E-02  0.999506533      0.999491453    
   3.22885774E-02  0.999478757      0.999465883    
   3.31612416E-02  0.999450207      0.999431729    
   3.40339057E-02  0.999420881      0.999406099    
   3.49065699E-02  0.999390841      0.999376237    
   3.57792340E-02  0.999359965      0.999342084    
   3.66518982E-02  0.999328375      0.999312162    
   3.75245623E-02  0.999296010      0.999278009    
   3.83972265E-02  0.999262929      0.999248147    
   3.92698906E-02  0.999229014      0.999209702    
   4.01425548E-02  0.999194384      0.999175549    
   4.10152189E-02  0.999158978      0.999141395    
   4.18878831E-02  0.999122858      0.999103010    
   4.27605473E-02  0.999085903      0.999068856    
   4.36332114E-02  0.999048233      0.999026179    
   4.45058756E-02  0.999009788      0.998992026    
   4.53785397E-02  0.998970568      0.998949349    
   4.62512039E-02  0.998930633      0.998910904    
   4.71238680E-02  0.998889863      0.998868227    
   4.79965322E-02  0.998848379      0.998825550    
   4.88691963E-02  0.998806119      0.998782814    
   4.97418605E-02  0.998763144      0.998744428    
   5.06145246E-02  0.998719335      0.998693168    
   5.14871888E-02  0.998674810      0.998654783    
   5.23598529E-02  0.998629510      0.998603523    
   5.32325171E-02  0.998583496      0.998560846    
   5.41051812E-02  0.998536646      0.998513877    
   5.49778454E-02  0.998489082      0.998462677    
   5.58505096E-02  0.998440742      0.998415709    
   5.67231737E-02  0.998391688      0.998364508    
   5.75958379E-02  0.998341799      0.998317540    
   5.84685020E-02  0.998291194      0.998266280    
   5.93411662E-02  0.998239815      0.998210788    
   6.02138303E-02  0.998187721      0.998163879    
   6.10864945E-02  0.998134792      0.998104095    
   6.19591586E-02  0.998081148      0.998057127    
   6.28318265E-02  0.998026729      0.998001635    
   6.37044907E-02  0.997971535      0.997941852    
   6.45771548E-02  0.997915626      0.997890651    
   6.54498190E-02  0.997858942      0.997830868    
   6.63224831E-02  0.997801483      0.997771144    
   6.71951473E-02  0.997743249      0.997711360    
   6.80678114E-02  0.997684300      0.997651577    
   6.89404756E-02  0.997624576      0.997591853    
   6.98131397E-02  0.997564077      0.997532070    
   7.06858039E-02  0.997502804      0.997472286    
   7.15584680E-02  0.997440755      0.997412503    
   7.24311322E-02  0.997377992      0.997344255    
   7.33037964E-02  0.997314453      0.997284472    
   7.41764605E-02  0.997250199      0.997216165    
   7.50491247E-02  0.997185111      0.997147858    
   7.59217888E-02  0.997119308      0.997088075    
   7.67944530E-02  0.997052729      0.997019768    
   7.76671171E-02  0.996985435      0.996951520    
   7.85397813E-02  0.996917307      0.996883214    
   7.94124454E-02  0.996848464      0.996814907    
   8.02851096E-02  0.996778905      0.996738076    
   8.11577737E-02  0.996708512      0.996678293    
   8.20304379E-02  0.996637404      0.996592939    
   8.29031020E-02  0.996565521      0.996533155    
   8.37757662E-02  0.996492863      0.996456325    
   8.46484303E-02  0.996419489      0.996379495    
   8.55210945E-02  0.996345282      0.996311188    
   8.63937587E-02  0.996270359      0.996225774    
