 ______________TABLA DE VARIACIONES DE PRESION______________
 Presion_______Temperatura____Temperatura____Temperatura____
 (kPascal)________270 K__________300 K___________350 K______
           1   2196.17993       2440.19995       2846.89990    
         101   21.7443562       24.1603947       28.1871281    
         201   10.9262686       12.1402979       14.1636810    
         301   7.29627895       8.10697651       9.45813942    
         401   5.47675800       6.08528662       7.09950113    
         501   4.38359261       4.87065840       5.68243504    
         601   3.65420961       4.06023264       4.73693848    
         701   3.13292432       3.48102713       4.06119823    
         801   2.74179769       3.04644179       3.55418205    
         901   2.43749166       2.70832396       3.15971136    
        1001   2.19398594       2.43776226       2.84405589    
