 Angulo                Seno            Coseno
   0.00000000       0.00000000       1.00000000    
   2.00000000       3.48995775E-02  0.999390841    
   4.00000000       6.97566345E-02  0.997564018    
   6.00000000      0.104528703      0.994521856    
   8.00000000      0.139173418      0.990268052    
   10.0000000      0.173648566      0.984807670    
   12.0000000      0.207912162      0.978147507    
   14.0000000      0.241922453      0.970295608    
   16.0000000      0.275637984      0.961261511    
   18.0000000      0.309017688      0.951056302    
   20.0000000      0.342020899      0.939692318    
   22.0000000      0.374607384      0.927183509    
   24.0000000      0.406737536      0.913545072    
   26.0000000      0.438372076      0.898793578    
   28.0000000      0.469472557      0.882947087    
   30.0000000      0.500001073      0.866024792    
   32.0000000      0.529920399      0.848047376    
   34.0000000      0.559194088      0.829036772    
   36.0000000      0.587786436      0.809016168    
   38.0000000      0.615662694      0.788009822    
   40.0000000      0.642788827      0.766043425    
   42.0000000      0.669131815      0.743143737    
   44.0000000      0.694659591      0.719338536    
   46.0000000      0.719341099      0.694657087    
   48.0000000      0.743146122      0.669129193    
   50.0000000      0.766045749      0.642786026    
   52.0000000      0.788012028      0.615659833    
   54.0000000      0.809018254      0.587783515    
   56.0000000      0.829038858      0.559190989    
   58.0000000      0.848049402      0.529917240    
   60.0000000      0.866026640      0.499997914    
   62.0000000      0.882948756      0.469469398    
   64.0000000      0.898795187      0.438368797    
   66.0000000      0.913546562      0.406734228    
   68.0000000      0.927184939      0.374603987    
   70.0000000      0.939693570      0.342017561    
   72.0000000      0.951057434      0.309014231    
   74.0000000      0.961262524      0.275634527    
   76.0000000      0.970296502      0.241918892    
   78.0000000      0.978148222      0.207908615    
   80.0000000      0.984808326      0.173645049    
   82.0000000      0.990268528      0.139169797    
   84.0000000      0.994522214      0.104525223    
   86.0000000      0.997564316       6.97530657E-02
   88.0000000      0.999390960       3.48960385E-02
   90.0000000       1.00000000      -3.61998991E-06
   92.0000000      0.999390721      -3.49031538E-02
   94.0000000      0.997563779      -6.97602853E-02
   96.0000000      0.994521499     -0.104532301    
   98.0000000      0.990267515     -0.139177084    
   100.000000      0.984807074     -0.173652172    
   102.000000      0.978146791     -0.207915589    
   104.000000      0.970294714     -0.241925910    
   106.000000      0.961260557     -0.275641382    
   108.000000      0.951055169     -0.309021115    
   110.000000      0.939691126     -0.342024267    
   112.000000      0.927182138     -0.374610811    
   114.000000      0.913543582     -0.406740844    
   116.000000      0.898791969     -0.438375413    
   118.000000      0.882945299     -0.469475776    
   120.000000      0.866023004     -0.500004172    
   122.000000      0.848045528     -0.529923379    
   124.000000      0.829034805     -0.559196949    
   126.000000      0.809014082     -0.587789237    
   128.000000      0.788007498     -0.615665615    
   130.000000      0.766041040     -0.642791629    
   132.000000      0.743141294     -0.669134557    
   134.000000      0.719336092     -0.694662213    
   136.000000      0.694654346     -0.719343662    
   138.000000      0.669126570     -0.743148446    
   140.000000      0.642783403     -0.766047955    
   142.000000      0.615656972     -0.788014293    
   144.000000      0.587780595     -0.809020400    
   146.000000      0.559188068     -0.829040825    
   148.000000      0.529914260     -0.848051190    
   150.000000      0.499994665     -0.866028488    
   152.000000      0.469466090     -0.882950485    
   154.000000      0.438365549     -0.898796737    
   156.000000      0.406730920     -0.913547993    
   158.000000      0.374600738     -0.927186191    
   160.000000      0.342014164     -0.939694762    
   162.000000      0.309010923     -0.951058447    
   164.000000      0.275630951     -0.961263537    
   166.000000      0.241915613     -0.970297277    
   168.000000      0.207905307     -0.978148937    
   170.000000      0.173641488     -0.984808922    
   172.000000      0.139166325     -0.990269005    
   174.000000      0.104521625     -0.994522631    
   176.000000       6.97495714E-02 -0.997564554    
   178.000000       3.48923020E-02 -0.999391079    
   180.000000      -7.23998028E-06  -1.00000000    
   182.000000      -3.49067748E-02 -0.999390602    
   184.000000      -6.97637796E-02 -0.997563541    
   186.000000     -0.104536019     -0.994521081    
   188.000000     -0.139180675     -0.990266979    
   190.000000     -0.173655748     -0.984806418    
   192.000000     -0.207919240     -0.978146017    
   194.000000     -0.241929665     -0.970293760    
   196.000000     -0.275645077     -0.961259484    
   198.000000     -0.309024692     -0.951054037    
   200.000000     -0.342027783     -0.939689875    
   202.000000     -0.374613941     -0.927180886    
   204.000000     -0.406743914     -0.913542211    
   206.000000     -0.438378572     -0.898790479    
   208.000000     -0.469478875     -0.882943749    
   210.000000     -0.500007212     -0.866021276    
   212.000000     -0.529926360     -0.848043680    
   214.000000     -0.559200048     -0.829032779    
   216.000000     -0.587792277     -0.809011877    
   218.000000     -0.615668356     -0.788005412    
   220.000000     -0.642794311     -0.766038835    
   222.000000     -0.669137299     -0.743138790    
   224.000000     -0.694664896     -0.719333470    
   226.000000     -0.719346166     -0.694651783    
   228.000000     -0.743150949     -0.669123769    
   230.000000     -0.766050339     -0.642780542    
   232.000000     -0.788016617     -0.615653992    
   234.000000     -0.809022725     -0.587777376    
   236.000000     -0.829042912     -0.559184968    
   238.000000     -0.848053038     -0.529911339    
   240.000000     -0.866030216     -0.499991655    
   242.000000     -0.882952034     -0.469463199    
   244.000000     -0.898798347     -0.438362390    
   246.000000     -0.913549542     -0.406727493    
   248.000000     -0.927187502     -0.374597490    
   250.000000     -0.939696074     -0.342010647    
   252.000000     -0.951059580     -0.309007585    
   254.000000     -0.961264491     -0.275627583    
   256.000000     -0.970298231     -0.241911754    
   258.000000     -0.978149712     -0.207901657    
   260.000000     -0.984809577     -0.173637807    
   262.000000     -0.990269601     -0.139162391    
   264.000000     -0.994522989     -0.104517899    
   266.000000     -0.997564793      -6.97456002E-02
   268.000000     -0.999391198      -3.48888040E-02
   270.000000      -1.00000000       1.09791799E-05
   272.000000     -0.999390423       3.49107496E-02
   274.000000     -0.997563303       6.97675049E-02
   276.000000     -0.994520783      0.104539268    
   278.000000     -0.990266502      0.139184132    
   280.000000     -0.984805822      0.173658952    
   282.000000     -0.978145242      0.207922667    
   284.000000     -0.970292926      0.241933063    
   286.000000     -0.961258590      0.275648236    
   288.000000     -0.951052964      0.309028000    
   290.000000     -0.939688563      0.342031300    
   292.000000     -0.927179456      0.374617398    
   294.000000     -0.913540602      0.406747550    
   296.000000     -0.898788929      0.438381702    
   298.000000     -0.882941961      0.469482183    
   300.000000     -0.866019249      0.500010669    
   302.000000     -0.848041654      0.529929519    
   304.000000     -0.829030633      0.559203148    
   306.000000     -0.809009552      0.587795496    
   308.000000     -0.788003087      0.615671277    
   310.000000     -0.766036272      0.642797351    
   312.000000     -0.743136406      0.669139922    
   314.000000     -0.719331205      0.694667220    
   316.000000     -0.694649279      0.719348609    
   318.000000     -0.669121027      0.743153453    
   320.000000     -0.642777860      0.766052604    
   322.000000     -0.615651250      0.788018763    
   324.000000     -0.587774873      0.809024513    
   326.000000     -0.559181690      0.829045177    
   328.000000     -0.529907942      0.848055184    
   330.000000     -0.499988616      0.866032004    
   332.000000     -0.469460130      0.882953703    
   334.000000     -0.438359261      0.898799837    
   336.000000     -0.406724721      0.913550794    
   338.000000     -0.374594241      0.927188873    
   340.000000     -0.342007369      0.939697266    
   342.000000     -0.309004247      0.951060653    
   344.000000     -0.275624216      0.961265445    
   346.000000     -0.241908357      0.970299125    
   348.000000     -0.207898229      0.978150487    
   350.000000     -0.173634350      0.984810174    
   352.000000     -0.139159396      0.990270019    
   354.000000     -0.104514420      0.994523346    
   356.000000      -6.97421134E-02  0.997565031    
   358.000000      -3.48853059E-02  0.999391317    
   360.000000       1.44799606E-05   1.00000000    
