0.1                      0.02944563161360916
0.010101010101010102    0.028585663883443527
0.020202020202020204    0.026722510492448975
0.030303030303030304    0.023404797744921883
0.04040404040404041     0.03863507515880977
0.050505050505050504    0.04494606760335191
0.06060606060606061     0.03351496815882765
0.0707070707070707      0.03407405707872671
0.08080808080808081     0.04700985276525509
0.09090909090909091     0.05429688253115325
0.10101010101010101     0.06188661943770219
0.1111111111111111      0.06760049872139107
0.12121212121212122     0.050658285914636295
0.13131313131313133     0.05596756809891915
0.1414141414141414      0.08112042833278908
0.15151515151515152     0.09350865540278913
0.16161616161616163     0.09398719962053688
0.1717171717171717      0.11726883963687157
0.18181818181818182     0.10206294104012303
0.1919191919191919      0.1149851862049415
0.20202020202020202     0.13443606671627673
0.21212121212121213     0.12530442444428355
0.2222222222222222      0.10547455590023776
0.23232323232323232     0.1583915454214958
0.24242424242424243     0.1271282782957404
0.25252525252525254     0.17253121725917483
0.26262626262626265     0.18544337248282408
0.2727272727272727      0.1884518778054226
0.2828282828282828      0.16505029781957745
0.29292929292929293     0.21882154177182636
0.30303030303030304     0.15219727900239718
0.31313131313131315     0.20415211480513784
0.32323232323232326     0.1862049221569353
0.3333333333333333      0.22121463128968202
0.3434343434343434      0.19624289798285283
0.35353535353535354    0.1900600307535238
0.36363636363636365    0.24867621459691058
0.37373737373737376    0.31014415497176623
0.3838383838383838    0.20986362540253184
0.3939393939393939    0.24440231020359315
0.40404040404040403    0.21755725786327437
0.41414141414141414    0.3245123998531693
0.42424242424242425    0.34551265284087507
0.43434343434343436    0.3292474838670195
0.4444444444444444    0.367785880451202
0.45454545454545453    0.3676574908930987
0.46464646464646464    0.2931775581917243
0.47474747474747475    0.3033801516804803
0.48484848484848486    0.2937324776271006
0.494949494949495    0.28114234048736375
0.5050505050505051    0.42931851017501216
0.5151515151515151    0.31832060908409704
0.5252525252525253    0.36985070452566216
0.5353535353535354    0.3362894894116041
0.5454545454545454    0.34193269497042333
0.5555555555555556    0.41240746210169354
0.5656565656565656    0.499587745935861
0.5757575757575758    0.5412767054061195
0.5858585858585859    0.3563185519176489
0.5959595959595959    0.41311617782937465
0.6060606060606061    0.4844610756366838
0.6161616161616161    0.5424298007004091
0.6262626262626263    0.41682751246897093
0.6363636363636364    0.5394445183506146
0.6464646464646465    0.559201633726464
0.6565656565656566    0.5557695902672543
0.6666666666666666    0.49103843550083887
0.6767676767676768    0.7098250517737623
0.6868686868686869    0.7010995851450947
0.696969696969697    0.5766260460563671
0.7070707070707071    0.5587614981573976
0.7171717171717171    0.7015026614266202
0.7272727272727273    0.7953438730613672
0.7373737373737373    0.6310789766901305
0.7474747474747475    0.8279422255721841
0.7575757575757576    0.8335790123015382
0.7676767676767676    0.7188355724204092
0.7777777777777778    0.6286687833605892
0.7878787878787878    0.8637108307894852
0.797979797979798    0.7395898941224479
0.8080808080808081    0.8764361867039038
0.8181818181818182    0.7435511149494908
0.8282828282828283    0.6255680918171607
0.8383838383838383    0.7979597218371043
0.8484848484848485    0.67191245415853
0.8585858585858586    0.7596193861438539
0.8686868686868687    0.9791163189512572
0.8787878787878788    0.9226962944516127
0.8888888888888888    0.651930477234501
0.898989898989899     1.0502889302990936
0.9090909090909091    0.7695543133120581
0.9191919191919192    1.0589495492184096
0.9292929292929293    0.8343501642604333
0.9393939393939394    1.064983567654851
0.9494949494949495    1.0339873497630903
0.9595959595959596    1.158219811215896
0.9696969696969697    0.7656538202677882
0.9797979797979798    1.1268497297049942
0.98989898989899      1.0833210722577242
1.                    0.820314038042522
